1 0.5470240021574969 0.5679611650485438 0.16980312837108896 0.21359223300970864
1 0.8022660463861919 0.4409385113268606 0.17302723840345252 0.18608414239482216
1 0.9086616774541532 0.8333333333333333 0.13433791801510253 0.08737864077669912
1 0.3890426105717367 0.700647249190938 0.08812567421790712 0.08090614886731451
1 0.3122013214670979 0.45873786407766964 0.06985571736785331 0.07281553398058212
1 0.24771912081984898 0.4085760517799352 0.050511057173678535 0.046925566343042034
1 0.3079025080906148 0.35679611650485427 0.05695927723840331 0.037216828478964376
1 0.14078613807982734 0.6334951456310677 0.0601833872707659 0.06310679611650478
1 0.18807308522114347 0.732200647249191 0.06878101402373249 0.0728155339805825
1 0.12896440129449835 0.8754045307443366 0.07737864077669902 0.06148867313915872
1 0.09027508090614889 0.7580906148867315 0.0322411003236246 0.06634304207119736
1 0.05695927723840343 0.7144012944983805 0.038689320388349546 0.04692556634304182
