5 0.457941444174757 0.5566343042071196 0.21048240291262135 0.15857605177993517
5 0.6018658980582523 0.7030744336569574 0.09329490291262119 0.22491909385113254
5 0.8516004247572816 0.6674757281553397 0.12173847087378648 0.15048543689320396
5 0.25712985436893204 0.8373786407766995 0.27305825242718457 0.296116504854369
5 0.47045661407767 0.6949838187702266 0.15587075242718448 0.10841423948220054
5 0.23266838592233008 0.6715210355987052 0.25144114077669893 0.22977346278317093
5 0.32539441747572817 0.4644012944983819 0.07509101941747573 0.10032362459546917
5 0.9249848300970875 0.6367313915857605 0.12742718446601942 0.18284789644012947
5 0.6012970266990291 0.436084142394822 0.2309617718446602 0.11165048543689324
5 0.41868932038834955 0.8066343042071198 0.07054004854368934 0.08899676375404539
1 0.5586316747572816 0.08171521035598704 0.04323422330097081 0.07281553398058252
1 0.6786635315533981 0.21359223300970875 0.03982099514563089 0.06796116504854367
1 0.3168613470873786 0.2880258899676375 0.044371966019417425 0.035598705501618075
