3 0.6334951456310671 0.8600323624595471 0.2020631067961163 0.27993527508090627
3 0.8709041262135913 0.8211974110032358 0.2581917475728154 0.357605177993527
3 0.8278216019417483 0.6925566343042068 0.1246966019417477 0.23300970873786359
3 0.8860740291262137 0.46844660194174764 0.09739077669902912 0.15372168284789645
3 0.8687803398058253 0.3187702265372168 0.07736650485436897 0.1521035598705501
3 0.9746662621359212 0.19741100323624586 0.050667475728154526 0.13268608414239477
3 0.6002730582524274 0.5113268608414239 0.12287621359223301 0.24595469255663432
3 0.7213288834951457 0.3187702265372168 0.1137742718446603 0.23624595469255663
3 0.7308859223300972 0.08656957928802589 0.09283980582524265 0.16019417475728154
3 0.5479368932038836 0.1626213592233009 0.0946601941747573 0.1796116504854368
3 0.594356796116505 0.22330097087378634 0.06917475728155333 0.11326860841423937
3 0.4391686893203884 0.09061488673139158 0.08100728155339802 0.16181229773462782
3 0.14517597087378642 0.2394822006472492 0.1046723300970874 0.15857605177993522
3 0.088743932038835 0.5582524271844658 0.15564320388349523 0.2588996763754043
3 0.23483009708737868 0.6181229773462781 0.22572815533980597 0.4045307443365693
3 0.3481492718446606 0.32200647249190967 0.1447208737864074 0.2750809061488676
