3 0.2836094929881338 0.3996763754045307 0.09924056094929881 0.20711974110032366
3 0.2881618122977347 0.2621359223300971 0.0828522114347357 0.13592233009708743
3 0.3377820927723841 0.11812297734627832 0.07283710895361384 0.1423948220064725
3 0.4347464940668824 0.436084142394822 0.079210355987055 0.14401294498381872
3 0.5194196332254585 0.13673139158576053 0.0864940668824164 0.15048543689320387
3 0.506217907227616 0.3187702265372168 0.163883495145631 0.2653721682847896
3 0.590435814455232 0.5194174757281554 0.226705501618123 0.4077669902912622
3 0.7301920172599783 0.24514563106796103 0.1602416396979507 0.29288025889967617
3 0.6537130528586838 0.1440129449838188 0.13110679611650433 0.2524271844660195
3 0.9095533980582519 0.09708737864077671 0.13292772384034496 0.19417475728155342
3 0.9388435814455229 0.7095469255663421 0.12231283710895308 0.3349514563106793
3 0.13975620280474652 0.48381877022653696 0.27951240560949303 0.5825242718446597
3 0.10515857605177997 0.14805825242718432 0.19210787486515649 0.257281553398058
