3 0.42187500000000017 0.7572815533980582 0.1611043689320389 0.3171521035598706
3 0.3108313106796117 0.41504854368932037 0.28125000000000006 0.5679611650485437
3 0.0323118932038835 0.6925566343042071 0.064623786407767 0.14886731391585756
3 0.15018203883495146 0.5121359223300971 0.11286407766990292 0.2896440129449837
3 0.7759405339805826 0.5542071197411004 0.07736650485436883 0.16990291262135926
3 0.9370449029126214 0.4069579288025889 0.09192961165048544 0.16019417475728154
3 0.7135922330097089 0.22977346278317148 0.19296116504854383 0.30097087378640774
3 0.828731796116505 0.08818770226537216 0.2575849514563109 0.17637540453074432
3 0.97876213592233 0.4935275080906149 0.042475728155339246 0.2459546925566345
3 0.5961771844660195 0.6998381877022654 0.09283980582524279 0.15048543689320382
