3 0.29829260127217955 0.37055016181229755 0.39035821894877826 0.5242718446601939
3 0.7205669010155117 0.5841423948220065 0.15712532083472838 0.2038834951456311
3 0.5100435219283562 0.7564724919093851 0.07242495257225755 0.08252427184466014
3 0.4425287356321839 0.8470873786407768 0.07242495257225755 0.11812297734627833
3 0.347394264033032 0.8317152103559871 0.12766432317821674 0.17475728155339795
3 0.15773909161923894 0.8875404530744336 0.06505970315812966 0.07281553398058235
3 0.08531413904698136 0.7475728155339806 0.05769445374400178 0.07119741100323637
3 0.02700591451846892 0.8705501618122977 0.05401182903693784 0.10032362459546931
3 0.032529851579064836 0.7046925566343042 0.06505970315812967 0.20550161812297738
3 0.8801473049882825 0.7831715210355986 0.058921995313023105 0.08737864077669898
